25
0 0 0
0 1 23
0 2 20
0 3 24
0 4 4
0 5 20
0 6 22
0 7 7
0 8 20
0 9 20
0 10 20
0 11 24
0 12 22
0 13 20
0 14 24
0 15 20
0 16 20
0 17 17
0 18 24
0 19 20
0 20 17
0 21 20
0 22 7
0 23 20
0 24 22
1 0 23
1 1 1
1 2 23
1 3 24
1 4 4
1 5 23
1 6 23
1 7 23
1 8 23
1 9 23
1 10 23
1 11 24
1 12 23
1 13 23
1 14 24
1 15 23
1 16 23
1 17 23
1 18 24
1 19 23
1 20 23
1 21 23
1 22 23
1 23 23
1 24 23
2 0 20
2 1 23
2 2 2
2 3 24
2 4 4
2 5 20
2 6 20
2 7 20
2 8 8
2 9 9
2 10 15
2 11 24
2 12 20
2 13 20
2 14 24
2 15 9
2 16 16
2 17 20
2 18 24
2 19 15
2 20 9
2 21 21
2 22 20
2 23 19
2 24 20
3 0 24
3 1 24
3 2 24
3 3 3
3 4 4
3 5 24
3 6 24
3 7 24
3 8 24
3 9 24
3 10 24
3 11 11
3 12 24
3 13 24
3 14 14
3 15 24
3 16 24
3 17 24
3 18 24
3 19 24
3 20 24
3 21 24
3 22 24
3 23 24
3 24 14
4 0 0
4 1 1
4 2 2
4 3 3
4 4 4
4 5 5
4 6 6
4 7 7
4 8 8
4 9 9
4 10 10
4 11 11
4 12 12
4 13 13
4 14 14
4 15 15
4 16 16
4 17 17
4 18 18
4 19 19
4 20 20
4 21 21
4 22 22
4 23 23
4 24 24
5 0 20
5 1 23
5 2 20
5 3 24
5 4 4
5 5 5
5 6 12
5 7 20
5 8 20
5 9 20
5 10 22
5 11 24
5 12 12
5 13 13
5 14 24
5 15 22
5 16 20
5 17 20
5 18 24
5 19 22
5 20 13
5 21 20
5 22 13
5 23 22
5 24 12
6 0 22
6 1 23
6 2 20
6 3 24
6 4 4
6 5 12
6 6 6
6 7 22
6 8 20
6 9 20
6 10 22
6 11 24
6 12 12
6 13 12
6 14 24
6 15 22
6 16 20
6 17 22
6 18 24
6 19 22
6 20 12
6 21 20
6 22 12
6 23 22
6 24 24
7 0 0
7 1 23
7 2 20
7 3 24
7 4 4
7 5 20
7 6 22
7 7 7
7 8 20
7 9 20
7 10 20
7 11 24
7 12 22
7 13 20
7 14 24
7 15 20
7 16 20
7 17 17
7 18 24
7 19 20
7 20 20
7 21 20
7 22 22
7 23 20
7 24 22
8 0 20
8 1 23
8 2 2
8 3 24
8 4 4
8 5 20
8 6 20
8 7 20
8 8 8
8 9 16
8 10 16
8 11 24
8 12 20
8 13 20
8 14 24
8 15 16
8 16 16
8 17 20
8 18 24
8 19 16
8 20 16
8 21 21
8 22 20
8 23 19
8 24 20
9 0 20
9 1 23
9 2 2
9 3 24
9 4 4
9 5 20
9 6 20
9 7 20
9 8 16
9 9 9
9 10 15
9 11 24
9 12 20
9 13 20
9 14 24
9 15 15
9 16 16
9 17 20
9 18 24
9 19 15
9 20 20
9 21 16
9 22 20
9 23 19
9 24 20
10 0 20
10 1 23
10 2 15
10 3 24
10 4 4
10 5 22
10 6 22
10 7 20
10 8 16
10 9 15
10 10 10
10 11 24
10 12 22
10 13 22
10 14 24
10 15 15
10 16 15
10 17 20
10 18 24
10 19 19
10 20 20
10 21 16
10 22 19
10 23 19
10 24 22
11 0 24
11 1 24
11 2 24
11 3 3
11 4 4
11 5 24
11 6 24
11 7 24
11 8 24
11 9 24
11 10 24
11 11 11
11 12 24
11 13 24
11 14 3
11 15 24
11 16 24
11 17 24
11 18 24
11 19 24
11 20 24
11 21 24
11 22 24
11 23 24
11 24 14
12 0 22
12 1 23
12 2 20
12 3 24
12 4 4
12 5 5
12 6 6
12 7 22
12 8 20
12 9 20
12 10 22
12 11 24
12 12 12
12 13 13
12 14 24
12 15 22
12 16 20
12 17 22
12 18 24
12 19 22
12 20 20
12 21 20
12 22 22
12 23 22
12 24 24
13 0 20
13 1 23
13 2 20
13 3 24
13 4 4
13 5 5
13 6 12
13 7 20
13 8 20
13 9 20
13 10 22
13 11 24
13 12 12
13 13 13
13 14 24
13 15 22
13 16 20
13 17 20
13 18 24
13 19 22
13 20 20
13 21 20
13 22 22
13 23 22
13 24 12
14 0 24
14 1 24
14 2 24
14 3 3
14 4 4
14 5 24
14 6 24
14 7 24
14 8 24
14 9 24
14 10 24
14 11 3
14 12 24
14 13 24
14 14 14
14 15 24
14 16 24
14 17 24
14 18 24
14 19 24
14 20 24
14 21 24
14 22 24
14 23 24
14 24 24
15 0 20
15 1 23
15 2 9
15 3 24
15 4 4
15 5 22
15 6 22
15 7 20
15 8 16
15 9 9
15 10 10
15 11 24
15 12 22
15 13 22
15 14 24
15 15 15
15 16 9
15 17 20
15 18 24
15 19 19
15 20 20
15 21 16
15 22 22
15 23 19
15 24 22
16 0 20
16 1 23
16 2 2
16 3 24
16 4 4
16 5 20
16 6 20
16 7 20
16 8 8
16 9 9
16 10 15
16 11 24
16 12 20
16 13 20
16 14 24
16 15 9
16 16 16
16 17 20
16 18 24
16 19 15
16 20 9
16 21 21
16 22 20
16 23 19
16 24 20
17 0 0
17 1 23
17 2 20
17 3 24
17 4 4
17 5 20
17 6 22
17 7 7
17 8 20
17 9 20
17 10 20
17 11 24
17 12 22
17 13 20
17 14 24
17 15 20
17 16 20
17 17 17
17 18 24
17 19 20
17 20 20
17 21 20
17 22 7
17 23 20
17 24 22
18 0 24
18 1 24
18 2 24
18 3 24
18 4 4
18 5 24
18 6 24
18 7 24
18 8 24
18 9 24
18 10 24
18 11 24
18 12 24
18 13 24
18 14 24
18 15 24
18 16 24
18 17 24
18 18 18
18 19 24
18 20 24
18 21 24
18 22 24
18 23 24
18 24 24
19 0 20
19 1 23
19 2 15
19 3 24
19 4 4
19 5 22
19 6 22
19 7 20
19 8 16
19 9 15
19 10 10
19 11 24
19 12 22
19 13 22
19 14 24
19 15 15
19 16 15
19 17 20
19 18 24
19 19 19
19 20 10
19 21 16
19 22 22
19 23 23
19 24 22
20 0 17
20 1 23
20 2 9
20 3 24
20 4 4
20 5 13
20 6 12
20 7 7
20 8 16
20 9 9
20 10 10
20 11 24
20 12 12
20 13 13
20 14 24
20 15 15
20 16 9
20 17 17
20 18 24
20 19 10
20 20 20
20 21 16
20 22 13
20 23 19
20 24 12
21 0 20
21 1 23
21 2 2
21 3 24
21 4 4
21 5 20
21 6 20
21 7 20
21 8 8
21 9 16
21 10 16
21 11 24
21 12 20
21 13 20
21 14 24
21 15 16
21 16 16
21 17 20
21 18 24
21 19 16
21 20 16
21 21 21
21 22 20
21 23 19
21 24 20
22 0 7
22 1 23
22 2 20
22 3 24
22 4 4
22 5 13
22 6 12
22 7 7
22 8 20
22 9 20
22 10 19
22 11 24
22 12 12
22 13 13
22 14 24
22 15 15
22 16 20
22 17 7
22 18 24
22 19 19
22 20 13
22 21 20
22 22 22
22 23 19
22 24 12
23 0 20
23 1 1
23 2 19
23 3 24
23 4 4
23 5 22
23 6 22
23 7 20
23 8 19
23 9 19
23 10 19
23 11 24
23 12 22
23 13 22
23 14 24
23 15 19
23 16 19
23 17 20
23 18 24
23 19 19
23 20 19
23 21 19
23 22 19
23 23 23
23 24 22
24 0 22
24 1 23
24 2 20
24 3 14
24 4 4
24 5 12
24 6 6
24 7 22
24 8 20
24 9 20
24 10 22
24 11 14
24 12 12
24 13 12
24 14 14
24 15 22
24 16 20
24 17 22
24 18 18
24 19 22
24 20 12
24 21 20
24 22 12
24 23 22
24 24 24
-1
